
RUN 1
tx_rate_l1: 1596.6407888745
tx_rate_l2: 1566.1705448119
rx_rate_l1: 1221.3469340655
rx_rate_l2: 1198.0387864689

RUN 2
tx_rate_l1: 1596.6407881161
tx_rate_l2: 1566.1705440679
rx_rate_l1: 1221.3500876249
rx_rate_l2: 1198.0418798458

RUN 3
tx_rate_l1: 1596.6407853819
tx_rate_l2: 1566.170541386
rx_rate_l1: 1221.350108395
rx_rate_l2: 1198.0419002197
